COMMUNICATION_PORT=8002
VIDEO_PORT=8003

RADAR_IP=192.168.1.136
RADAR_PORT=12345

COM_PORT=COM3
CAM_DEVICE=1
CAM_LAT=52.96185
CAM_LON=4.73390
CAM_X_OFFSET=180
CAM_ELEVATION=4
